100
4 3 12
3 2 1
1 5 2
8 1 1
3 2 30
1 2 27
3 2 1
4 1 11
2 1 2
4 1 5
8 2 2
5 10 5000
14 27 31
27 11 44
30 8 20
2000 4000 3
7 135 2565
336 6 51
126 66 264
549 180 405
870 216 15
1416 78 858
2520 135 45
16 30 2228
12 20 86
266 12 4
20 16 6
284 10 12
204 36 366
1096 24 12
148 22 4
364 28 12
136 16 214
1730 8 184
1988 18 12
548 30 38
410 148 2
2194 6 20
596 30 12
15 15 128
1 16 2
5 13 5
18 5 9
27 12 1
29 8 3
34 4 4
43 13 7
52 14 2
65 10 3
38 10 5
73 11 5
75 11 3
90 8 14
98 6 11
3 126 1745
100 43 14
6 203 81
9 35 168
16 24 14
49 28 1
31 19 12
45 37 9
45 30 1
75 6 1
55 35 10
135 7 26
16 392 3234
294 147 147
539 294 98
686 245 49
490 294 49
931 98 49
1029 392 49
735 392 49
882 343 147
1519 98 49
1813 196 147
2058 147 147
2254 294 343
2303 294 49
2695 98 147
2842 343 392
9 6 968
3 6 1
8 6 96
520 3 20
719 2 4
501 6 125
953 3 1
955 2 3
959 4 2
9 114 1884
48 87 6
12 69 438
816 99 3
831 78 3
321 57 63
207 72 318
1227 537 21
294 138 72
16 6 564
59 2 11
55 6 1
32 6 1
55 1 2
27 1 2
79 5 3
2 2 64
288 3 10
293 14 32
246 4 2
285 3 1
95 6 2
350 6 16
523 5 9
186 57 4
4 399 3472
42 392 2982
1281 805 14
3731 266 119
12 28 1061
8 21 19
19 91 58
181 4 4
52 37 2
202 5 17
228 6 1
185 34 36
493 13 1
368 8 2
498 6 480
1045 22 16
2 144 3706
351 4 105
4 135 339
47 127 173
130 168 1
236 75 79
13 14 97
4 14 2
2 5 4
9 1 3
1 15 7
23 7 8
31 7 4
40 6 9
16 12 7
29 18 2
69 13 1
71 10 3
60 17 5
9 15 567
14 14 6
12 9 6
30 13 174
213 15 5
227 3 201
451 8 2
453 14 7
460 3 8
14 33 1137
15 25 9
66 16 69
159 33 12
141 37 5
164 7 2
122 5 2
189 18 3
203 30 470
775 26 54
387 59 12
265 118 2
793 23 92
321 67 12
3 60 163
45 41 23
77 29 49
8 90 2064
75 75 6
93 63 54
84 81 783
1005 72 123
309 123 141
1041 249 3
1464 87 36
2 14 450
10 11 6
7 48 3303
124 4 3
142 14 92
199 238 100
489 222 8
753 10 76
793 157 17
5 39 1784
325 2 7
34 18 7
242 24 22
268 41 16
11 17 3482
43 1 8
106 14 1
108 12 10
112 14 11
141 12 15
240 3 80
95 53 13
189 22 7
396 13 2
137 5 13
14 27 1037
16 13 36
25 74 1
63 31 1
134 23 4
139 5 66
192 47 37
118 51 2
232 23 2
223 13 268
768 14 2
773 23 218
1013 18 2
1015 11 22
14 19 478
7 15 1
3 5 86
94 13 2
41 12 9
99 53 5
34 26 4
170 12 23
191 115 6
313 16 5
302 23 34
381 13 2
383 9 55
470 18 8
7 185 2645
940 25 65
560 75 55
1065 25 265
1190 435 90
1865 185 250
2180 130 115
16 22 3573
12 23 6
11 20 8
35 17 12
17 2 97
150 417 9
328 5 54
291 29 29
162 10 14
394 18 18
792 2 83
443 33 17
429 22 39
975 11 16
991 15 6
749 12 9
12 33 194
30 4 1
20 11 4
22 34 3
85 26 2
87 33 20
108 14 10
130 6 7
42 32 10
149 16 4
107 24 13
61 41 10
5 52 279
75 4 7
117 2 17
128 76 49
211 60 8
12 4 484
2 4 2
4 3 1
3 3 1
7 4 1
10 2 144
229 3 1
230 3 1
193 1 1
69 3 161
519 2 1
520 2 2
12 803 4380
365 511 73
438 584 73
365 73 219
584 511 146
657 730 365
1095 146 730
2555 511 584
3139 511 584
2482 657 73
3869 511 219
4307 730 73
12 36 232
9 37 1
6 8 1
10 5 4
35 30 3
59 30 4
43 37 13
46 28 4
71 43 19
141 17 7
148 33 5
179 32 23
13 17 467
3 15 61
43 11 13
78 8 59
58 25 4
163 14 1
165 15 2
149 10 1
171 2 3
43 17 1
48 4 73
450 11 1
452 8 15
16 10 631
6 9 6
8 2 83
117 2 1
121 8 11
92 33 1
76 7 1
47 7 80
107 33 1
274 3 10
295 10 1
296 4 1
100 1 101
253 45 26
465 9 135
622 4 9
3 328 2412
316 168 288
484 1824 104
13 26 180
10 22 6
12 19 4
22 21 1
49 23 10
51 7 12
90 9 1
77 33 2
47 22 4
45 20 8
148 11 12
162 6 8
149 28 3
13 24 730
19 14 85
105 17 9
31 25 6
139 14 6
156 5 8
169 11 113
268 225 1
498 11 94
653 11 13
670 10 2
62 27 13
697 5 5
2 115 2475
296 4 102
11 14 554
9 15 1
6 7 1
3 46 77
230 2 1
233 11 11
257 3 6
99 11 1
266 5 139
535 8 4
508 8 14
14 15 492
71 3 59
150 6 2
139 13 1
166 9 2
174 13 5
30 10 1
47 1 2
149 19 25
204 116 16
284 2 1
337 10 27
381 13 75
486 12 6
12 37 204
5 36 2
6 33 1
65 8 11
90 10 1
64 29 5
61 38 6
112 16 7
121 37 3
91 19 16
147 16 18
142 41 21
13 13 824
61 3 1
69 2 3
30 5 3
84 5 2
47 13 303
387 120 8
516 2 3
523 11 9
534 6 47
797 7 2
694 5 8
811 8 13
3 71 55
16 70 3
9 17 23
8 27 98
2 27 8
1 18 10
4 39 2
16 10 2
32 16 8
25 19 12
33 25 4
3 57 613
38 43 9
57 7 36
16 7 50
4 5 2
4 2 1
5 2 1
4 5 1
12 3 2
14 4 1
16 6 1
21 2 1
16 7 2
25 4 1
27 6 1
29 5 1
31 5 6
37 4 2
39 2 5
3 103 801
39 94 336
315 13 43
12 8 474
149 4 2
131 6 33
200 6 6
169 8 1
210 4 26
153 75 31
438 3 4
336 9 4
461 6 5
377 6 2
470 8 4
5 65 2187
136 5 1
112 5 419
336 78 32
310 138 36
13 7 576
1 8 1
1 2 3
7 5 202
202 112 6
363 4 7
376 4 1
206 4 49
495 6 5
64 18 1
517 6 14
552 2 4
570 4 6
2 140 1640
256 3 107
5 1560 2600
832 1430 52
104 1170 78
780 1248 52
1222 1352 1482
9 34 971
237 2 1
53 11 22
267 23 53
312 159 115
224 82 6
499 30 56
270 142 7
941 34 30
12 9 979
157 2 24
192 4 2
195 4 24
147 70 116
401 202 39
726 6 18
253 8 6
756 9 1
758 8 79
268 140 2
971 2 8
6 11 39
7 12 3
9 7 1
16 6 3
27 2 1
19 16 4
14 3 669
4 5 14
17 17 2
36 3 16
49 89 1
166 2 1
168 2 12
87 45 13
217 15 1
248 3 137
301 82 53
572 3 37
653 3 7
668 3 1
9 7 1000
135 5 15
49 19 15
35 17 220
549 7 180
747 2 82
112 55 2
70 5 2
662 3 1
7 35 134
11 26 1
7 6 1
2 13 13
44 4 29
11 9 23
107 26 13
14 30 2641
17 26 28
28 24 13
68 2 26
65 91 2
169 12 21
192 4 67
569 16 15
298 93 9
599 12 1
699 23 13
67 21 79
813 30 9
297 45 27
11 41 765
37 38 42
114 36 1
102 15 1
118 30 3
59 31 17
141 35 177
619 12 2
661 15 1
671 9 1
387 15 26
10 18 878
33 3 8
41 17 302
230 102 31
92 19 106
701 5 2
60 25 37
763 17 47
385 82 26
536 39 14
16 3 698
125 2 100
295 3 1
117 4 89
71 52 2
290 3 47
481 165 49
695 2 1
696 2 42
827 3 13
861 2 1
863 2 21
786 6 1
889 3 1
336 3 1
849 4 1
14 5 33
1 5 4
5 3 1
6 2 3
9 2 1
9 2 1
6 3 1
13 2 1
6 2 1
6 6 1
8 6 1
22 4 1
12 7 2
29 5 2
3 8 841
561 3 98
705 6 8
11 24 779
57 4 130
193 7 33
228 5 3
33 11 5
27 27 103
323 68 20
695 8 45
771 13 1
102 24 1
657 8 2
15 31 232
25 27 9
43 2 7
22 50 1
92 22 20
116 17 15
137 8 14
126 15 11
137 9 1
78 17 3
189 26 6
140 31 2
204 16 2
86 20 9
156 35 6
15 4 518
3 4 1
1 3 77
84 4 16
100 2 1
101 4 1
102 2 72
94 19 2
43 2 1
73 4 2
123 3 1
4 4 145
194 16 145
502 2 5
516 2 2
14 770 4840
704 330 418
638 704 110
1496 770 44
616 66 286
2156 638 66
2266 198 220
2728 462 44
2772 88 88
1012 462 66
2948 704 198
3366 88 506
3344 176 66
3938 66 550
10 29 679
143 3 27
80 67 1
232 13 10
146 34 108
361 21 19
383 20 84
645 3 3
650 27 13
676 13 3
5 64 773
54 30 238
233 141 132
362 99 26
632 26 43
16 28 811
27 10 7
51 13 2
32 28 18
30 25 3
30 28 20
107 14 17
133 10 1
63 6 107
305 21 15
328 10 2
180 6 22
391 20 220
332 134 19
414 41 1
406 32 21
7 98 497
35 91 35
42 63 70
105 91 35
238 35 14
168 105 7
98 91 42
3 805 1495
460 920 345
690 460 345
14 24 1452
69 9 3
75 18 414
612 21 3
630 24 3
636 9 3
279 15 285
171 150 21
1104 15 3
1113 18 69
552 48 6
1236 18 132
822 60 6
1419 9 24
5 43 158
3 43 10
33 24 6
42 39 36
78 32 34
13 12 536
2 13 8
4 6 3
16 5 2
11 4 119
154 5 1
163 3 7
131 32 3
158 16 5
185 16 6
226 12 1
228 3 70
524 11 12
7 41 3684
67 2 1
49 23 5
77 2 2
79 41 6
94 39 5
100 7 39
6 63 651
51 31 239
85 78 11
364 52 3
234 9 16
393 27 6
9 16 4487
113 5 20
199 12 29
213 446 152
893 3 1
214 52 7
949 12 1
952 8 5
965 4 8
7 58 246
2 57 11
47 2 25
90 2 7
142 40 1
126 39 19
77 7 57
11 33 499
23 18 25
48 24 1
39 39 64
126 69 122
298 41 22
214 118 4
268 28 4
214 61 18
41 28 5
490 41 4
4 19 487
3 19 9
7 8 353
216 135 1
4 102 917
70 85 51
132 41 188
265 634 18
7 62 711
59 10 1
61 14 238
391 31 98
554 58 31
91 64 204
371 11 43
11 21 497
45 2 2
29 18 8
62 10 138
106 41 1
122 12 4
238 8 12
82 14 13
220 23 15
282 18 26
302 184 11
14 30 1022
12 28 87
125 8 8
138 10 52
268 15 6
158 36 1
386 7 315
724 3 15
480 20 53
848 16 20
906 14 6
912 30 2
558 33 1
508 32 4
15 13 1058
36 4 1
11 2 98
303 8 5
315 11 49
481 12 35
522 6 1
523 6 3
528 12 1
504 14 250
776 31 26
857 8 28
261 123 12
571 48 1
524 14 2
2 44 19
26 44 12
14 11 455
74 5 9
75 209 15
304 4 1
298 16 3
21 9 5
31 9 2
176 13 83
644 2 2
250 9 74
445 11 2
110 8 5
360 11 2
738 9 9
7 45 845
9 40 305
182 41 13
362 14 161
550 41 36
252 28 6
34 28 27
4 840 3768
1104 96 144
1344 552 24
1440 528 840
11 7 730
56 4 14
68 171 11
279 6 43
251 66 70
511 6 1
434 6 142
701 3 3
155 5 20
606 8 1
503 5 2
5 9 403
7 4 2
9 4 5
8 8 181
188 213 2
14 28 873
50 5 13
69 4 4
79 6 4
77 141 21
113 15 47
240 25 15
182 140 63
550 22 60
614 3 108
737 6 2
741 8 33
795 11 62
367 21 2
13 33 3225
12 30 111
90 198 9
303 12 546
831 57 87
1071 33 21
1095 24 132
375 63 102
531 204 3
1560 12 192
1077 657 45
2478 6 576
3201 12 24
12 21 319
20 21 55
57 73 1
56 19 10
146 9 13
69 18 162
400 15 9
362 28 7
336 16 81
513 17 12
485 22 5
14 10 7
3 166 3096
1336 10 72
738 170 160
