100
4 3 12
3 2 1
1 5 2
8 1 1
3 2 30
1 2 27
3 2 1
4 1 11
2 1 2
4 1 5
8 2 2
5 10 5000
14 27 31
27 11 44
30 8 20
2000 4000 3
4 130 318
61 81 29
174 6 13
64 195 59
12 5 924
42 5 6
44 38 1
74 3 3
86 5 344
430 5 1
217 6 21
453 277 26
758 2 2
771 3 70
918 4 3
256 6 2
6 35 325
8 34 12
41 12 7
30 44 51
272 33 1
298 29 12
9 4 604
115 4 1
76 4 214
57 45 1
291 2 17
589 2 3
49 3 1
509 2 41
541 18 2
10 20 740
4 18 42
51 8 7
61 12 59
203 18 7
213 6 12
88 10 28
251 271 5
390 20 71
335 129 18
4 39 573
34 26 25
47 490 6
543 2 30
12 27 678
8 20 50
99 21 2
101 7 7
169 18 4
88 33 112
143 130 2
405 2 18
423 4 10
132 31 1
405 13 152
650 21 7
10 35 790
25 27 11
46 24 2
28 28 127
171 76 9
182 11 86
342 121 21
463 254 4
722 10 7
750 25 20
7 36 457
125 2 17
171 28 19
38 34 29
242 33 86
195 119 1
162 34 21
13 14 691
12 5 36
37 57 26
55 12 11
138 4 9
147 6 257
418 11 14
424 3 1
434 14 1
436 8 7
233 203 25
120 27 2
689 13 2
6 18 394
99 3 22
203 15 79
357 9 1
138 26 7
385 6 9
7 51 695
50 51 20
69 25 2
69 35 152
377 36 2
276 19 53
345 92 11
16 45 2160
243 15 27
108 18 6
63 27 36
258 30 15
138 54 909
1101 135 3
1167 30 3
762 27 9
1404 18 84
1662 30 9
381 27 234
1350 15 3
1863 9 177
2136 21 6
2142 9 18
2 21 3845
14 17 9
12 9 301
26 5 3
22 11 3
39 4 64
31 16 1
39 16 8
127 7 22
248 7 6
148 11 8
266 2 94
239 29 85
58 13 7
2 30 52
8 25 28
13 30 3729
6 29 1
4 29 6
12 50 1
46 22 1
53 5 5
98 12 5
92 32 224
342 242 3
597 14 79
698 12 6
206 24 5
863 14 15
8 21 861
108 5 9
127 19 116
223 140 27
661 16 5
670 2 10
697 16 67
694 50 17
15 18 1614
51 6 3
45 54 27
63 45 24
180 9 3
93 6 6
108 9 3
147 6 6
201 15 144
690 12 9
699 9 3
714 12 3
159 21 30
1218 12 135
1602 6 12
9 32 122
11 32 12
4 20 4
36 7 6
42 27 8
37 19 13
79 22 4
47 3 3
62 39 5
13 22 596
21 18 39
236 6 1
238 8 23
145 21 9
133 21 4
285 2 24
170 42 3
299 41 9
248 31 2
251 20 103
347 73 12
579 11 17
9 25 864
24 26 49
53 73 7
134 23 389
439 68 4
581 4 16
600 14 20
252 10 2
859 22 5
6 64 798
133 3 15
149 62 238
371 75 3
155 42 5
145 36 57
16 5 39
3 3 1
1 4 2
7 4 3
2 2 1
11 4 1
7 2 1
16 5 2
6 4 1
3 1 3
8 5 2
15 2 1
2 1 1
29 2 1
19 3 2
8 5 5
9 24 93
1 25 3
5 24 6
8 14 5
12 11 6
40 17 2
18 12 3
53 14 2
38 27 15
6 34 98
4 35 4
3 10 11
26 24 9
21 8 1
47 29 25
5 83 638
252 3 10
271 42 78
297 235 3
206 71 77
8 12 2554
103 1 7
110 10 3
70 5 3
118 3 338
445 109 18
313 50 18
619 171 7
12 18 1371
11 9 1
23 3 6
12 25 104
224 15 25
39 26 185
354 31 7
490 2 5
499 11 9
451 15 2
237 29 5
246 21 4
10 13 620
57 4 5
62 3 66
297 4 11
364 13 28
390 206 2
598 12 2
600 7 4
605 8 1
280 15 10
6 35 103
26 29 5
30 4 5
49 24 5
65 2 4
75 11 22
16 8 66
4 9 3
7 5 1
7 4 2
14 6 1
10 6 2
22 2 3
8 6 2
30 5 2
37 8 1
14 5 4
11 8 6
50 7 4
57 2 1
16 3 3
32 4 2
6 27 530
89 5 2
92 3 259
409 11 1
140 18 55
391 32 14
16 96 3330
684 12 246
552 294 18
150 96 54
1296 96 282
1710 30 6
1122 102 42
558 102 6
1158 192 114
2538 18 24
2586 78 24
1074 96 12
1608 48 6
2670 90 30
672 102 138
3252 54 78
9 5 23
1 6 2
1 2 3
6 2 1
5 2 1
9 2 3
8 5 2
15 3 1
16 4 5
6 39 116
13 29 2
16 19 6
1 30 4
17 19 14
27 30 28
15 30 996
21 26 1
5 17 9
50 21 23
44 88 22
225 8 1
169 29 4
206 26 9
55 33 3
261 17 376
613 90 11
514 19 16
745 9 14
761 27 3
787 22 7
11 27 174
20 23 3
23 3 9
46 25 13
47 17 15
66 23 2
93 17 9
108 14 2
126 24 9
143 10 1
144 24 8
7 11 514
100 2 68
49 27 2
114 6 1
188 5 2
193 11 38
230 488 4
13 4 27
2 5 2
1 4 1
7 3 1
3 2 1
6 4 2
9 3 1
10 3 1
15 4 2
18 4 2
21 4 1
7 3 2
9 3 2
12 78 2250
288 30 120
342 78 12
390 48 66
528 78 36
582 12 18
522 78 6
102 42 480
846 198 12
1278 60 678
1890 1644 492
4440 36 42
9 39 854
35 39 172
181 76 18
190 11 20
301 17 10
185 27 86
637 28 3
649 12 116
825 5 29
12 17 4671
13 8 15
12 16 2
30 11 118
142 164 18
324 6 124
317 57 4
472 7 52
249 98 4
171 52 2
693 3 7
707 2 17
15 21 926
17 5 1
19 20 44
67 16 2
76 16 5
87 11 1
234 16 46
299 2 6
307 15 3
233 22 6
112 18 4
338 21 5
84 24 432
778 98 16
581 28 5
16 20 790
11 15 43
63 6 52
99 116 2
34 24 1
228 18 1
173 14 7
237 12 32
259 188 16
455 30 8
320 23 2
121 5 11
657 14 27
273 58 2
744 19 44
806 7 6
14 30 1108
32 2 4
41 12 205
218 51 24
244 29 13
337 4 4
182 34 2
114 11 13
249 15 6
216 16 2
384 13 7
305 18 207
634 19 159
853 16 17
5 48 895
15 48 91
89 150 12
272 10 141
382 469 44
15 24 747
23 19 22
46 12 4
45 109 1
163 21 10
91 77 7
233 123 2
108 10 6
369 19 82
483 10 24
236 30 18
554 4 34
639 21 56
729 2 11
740 16 7
12 30 2550
3 30 3
6 9 3
3 12 6
6 15 360
738 30 15
369 24 261
1002 1101 42
2415 30 3
2421 30 12
2436 9 9
2460 21 21
11 23 924
11 16 2
3 11 11
29 3 65
79 196 84
416 8 10
437 19 16
454 19 1
91 5 285
354 182 3
165 30 9
2 4428 4644
3312 3996 4176
10 21 634
7 21 4
19 15 72
81 131 75
86 32 6
312 88 32
440 6 15
460 7 1
464 12 21
626 14 8
13 24 448
4 23 22
42 3 1
33 25 5
25 14 40
61 24 6
121 9 218
61 30 3
366 17 4
372 22 10
382 5 10
95 36 1
309 24 19
9 490 2499
245 441 147
343 343 49
245 539 196
882 196 196
784 539 147
1127 147 147
1715 392 49
1813 392 196
3 173 2259
44 156 11
3 168 60
5 53 230
30 33 1
2 30 16
35 11 26
96 9 19
9 34 888
41 3 21
62 22 11
40 46 6
40 7 135
218 344 8
572 15 44
854 4 15
870 25 18
16 9 990
4 8 69
104 7 35
130 25 2
157 6 177
235 91 19
135 27 44
636 6 5
216 26 1
659 4 28
651 33 2
614 7 2
725 6 35
867 5 8
886 6 1
888 6 4
5 812 1740
377 812 29
435 116 203
667 116 29
928 696 580
14 46 1390
14 48 4
20 40 12
52 10 6
38 384 10
352 20 102
552 8 168
684 418 34
732 126 6
1278 14 12
566 18 18
282 38 8
1358 14 4
1338 46 6
9 20 382
46 4 7
61 9 6
61 7 95
189 10 1
147 10 59
340 18 5
347 15 3
306 4 14
12 17 1096
46 4 6
73 5 2
41 22 1
90 6 2
11 9 134
300 8 23
338 9 1
56 12 545
579 19 142
566 36 14
1008 20 8
10 42 230
14 36 19
21 32 3
75 22 14
61 35 26
126 11 1
127 15 18
118 30 27
115 24 1
188 42 27
5 24 274
127 4 58
113 55 3
129 20 1
231 19 19
14 18 721
145 4 1
153 2 1
154 2 4
162 13 10
179 3 188
475 18 8
366 9 8
493 3 5
503 3 1
220 4 4
512 18 4
225 10 6
523 187 11
2 68 4298
4 65 28
4 34 307
252 3 2
129 47 14
298 30 21
14 8 682
29 3 1
27 4 10
83 8 5
18 4 1
91 8 2
22 3 2
96 7 44
138 176 3
318 8 231
311 10 13
557 38 23
620 4 46
437 14 7
15 7 53
3 5 1
2 3 2
4 6 6
16 3 3
13 8 3
13 3 1
30 4 2
32 6 2
30 5 1
8 7 1
37 6 2
19 4 2
42 5 2
30 5 2
7 44 2542
24 28 138
156 484 528
900 120 8
852 394 22
958 22 742
1624 54 34
16 406 3190
58 406 116
348 348 116
464 174 58
522 116 174
754 116 116
870 116 116
232 58 58
638 464 58
348 290 58
870 406 174
1508 232 116
464 464 232
2088 348 232
1450 464 232
986 174 348
16 60 3755
560 10 5
610 30 15
645 45 20
335 70 15
705 50 25
740 60 15
685 15 20
445 70 950
1925 55 5
320 5 5
2675 30 25
2755 30 310
3660 55 15
2795 75 45
3750 55 35
16 17 650
2 16 29
27 18 5
51 8 116
322 16 2
411 3 2
417 16 34
494 10 2
496 16 275
819 7 3
827 3 18
940 5 4
247 7 13
253 4 6
629 8 2
859 10 16
4 1170 3120
858 429 390
1365 663 156
2340 234 780
16 18 503
11 14 4
40 16 4
44 3 9
89 9 30
130 9 4
27 11 5
82 10 1
8 5 17
155 38 134
347 9 3
330 7 7
440 15 27
451 35 4
400 18 1
491 7 12
13 17 479
32 5 1
69 2 8
82 10 75
112 31 2
123 11 5
31 14 56
150 43 8
72 18 58
237 104 2
158 23 11
470 12 3
462 12 5
10 54 2512
12 56 4
6 16 2
4 22 336
1226 30 2
544 36 496
1920 26 58
1050 100 8
1716 18 296
2414 16 50
3 147 2088
20 145 29
18 76 51
16 33 787
84 3 16
115 26 2
109 20 4
57 4 16
116 41 478
382 79 20
366 19 14
536 45 1
782 27 48
753 46 3
64 4 29
214 15 1
905 8 2
712 5 12
931 12 24
15 13 740
3 11 67
33 28 61
143 109 10
112 5 3
45 7 5
163 106 6
396 2 28
256 81 10
233 34 42
581 9 5
583 84 1
668 7 28
528 40 1
736 12 4
11 11 1022
9 9 70
34 14 3
23 10 200
176 53 32
364 218 29
624 9 1
626 2 278
491 58 5
600 11 19
583 39 10
13 28 1862
11 22 4
29 23 6
44 6 22
54 136 13
83 20 191
316 66 1
456 15 5
461 15 16
751 28 25
842 11 62
907 6 22
223 171 7
3 76 143
57 32 2
69 52 57
16 105 4350
100 100 5
60 90 75
145 150 25
190 65 45
200 140 15
230 30 25
260 80 115
930 55 50
995 25 1325
1565 660 40
2960 75 540
3240 20 60
4050 105 5
4070 100 85
645 165 75
6 11 471
5 7 65
232 9 59
163 123 35
305 22 1
462 6 9
13 13 818
146 2 1
109 14 15
81 25 2
183 12 9
295 12 2
297 4 2
301 11 4
262 16 370
721 2 4
730 7 28
667 39 24
408 14 4
9 38 1902
18 38 3
22 10 1
26 12 86
205 4 32
303 36 4
332 19 116
428 262 4
689 68 21
5 7 217
5 3 1
5 5 160
208 6 4
213 7 4
9 4 478
3 5 164
248 2 25
218 53 110
482 3 2
484 3 2
258 1 175
714 3 1
521 5 3
7 24 520
59 2 5
66 16 209
280 11 51
315 80 10
250 27 15
483 2 23
10 14 775
83 4 1
93 4 316
398 163 4
569 14 48
356 86 29
736 11 4
83 2 4
749 8 11
762 3 13
16 5 913
4 6 3
2 5 2
3 3 66
72 32 29
128 121 1
216 5 16
23 11 24
305 2 14
106 16 2
81 31 4
364 2 94
573 5 122
726 4 1
729 3 11
910 2 3
5 38 197
133 4 1
272 19 2
276 25 2
297 26 28
12 495 2574
297 495 99
99 99 99
396 99 99
396 396 198
396 297 99
1089 198 99
792 99 198
1386 297 99
990 594 198
693 594 99
2079 297 99
5 76 1063
507 2 19
141 58 1
573 35 186
417 321 4
16 9 78
2 8 1
1 6 3
11 3 2
16 7 3
10 9 6
25 2 6
23 9 4
8 1 3
42 4 1
27 1 1
13 4 1
46 9 5
28 6 7
59 2 4
67 4 8
