100
4 3 12
3 2 1
1 5 2
8 1 1
3 2 30
1 2 27
3 2 1
4 1 11
2 1 2
4 1 5
8 2 2
5 10 5000
14 27 31
27 11 44
30 8 20
2000 4000 3
12 7 596
5 7 2
5 2 204
210 170 5
354 6 5
427 7 9
439 5 1
109 9 3
452 5 2
296 7 9
389 73 41
589 2 7
13 5 29
2 4 2
4 3 2
6 3 2
5 2 1
10 3 1
4 1 4
5 5 2
17 4 1
8 2 1
8 4 1
22 2 1
9 3 4
16 13 1011
6 13 5
11 10 2
3 12 83
86 124 3
189 12 18
221 143 1
298 14 1
343 9 95
458 202 1
661 13 8
425 236 4
59 16 1
951 2 8
899 12 5
509 50 2
2 205 4561
793 4 87
11 40 3368
4 40 16
36 32 20
60 28 4
48 16 4
72 8 584
3052 12 12
3072 28 4
3132 8 36
3348 40 4
3356 40 4
9 30 847
143 3 121
323 11 4
196 24 77
466 16 3
126 4 154
754 23 9
763 3 50
595 30 12
2 121 116
70 55 41
10 20 111
6 21 14
11 7 1
27 3 1
7 7 12
44 3 1
27 18 2
48 15 16
65 12 5
81 12 19
16 6 421
4 7 1
3 5 22
56 3 26
103 6 13
91 7 3
54 5 1
29 6 42
102 63 3
113 8 174
415 4 2
417 3 35
543 2 3
446 4 2
548 2 15
570 3 5
13 15 411
3 13 35
28 16 4
48 7 1
26 7 8
42 3 8
64 7 134
238 10 11
251 14 2
253 2 2
258 9 1
260 10 7
272 4 14
12 315 1725
255 300 105
420 75 150
585 90 90
180 180 15
315 210 15
510 120 15
765 195 60
435 210 135
450 345 60
1200 150 90
1290 45 180
16 17 139
11 13 1
12 10 13
15 10 6
32 14 9
44 5 1
29 5 2
57 6 10
32 12 5
74 6 9
85 13 2
34 6 8
23 15 6
107 2 6
37 3 1
130 13 9
5 86 1911
6 85 1
440 42 10
369 98 63
497 339 32
12 64 2530
16 50 30
32 14 38
90 12 14
134 28 14
150 24 200
310 388 70
836 38 14
870 24 2
340 70 316
338 42 4
668 62 46
10 29 708
17 16 12
16 89 46
158 20 9
45 27 9
74 29 10
138 7 1
27 22 11
650 4 25
386 14 3
8 19 3841
103 2 80
223 6 41
128 33 13
34 8 4
204 19 7
223 4 2
329 7 7
16 16 741
2 16 41
33 41 52
141 4 2
143 4 1
145 4 1
229 3 5
47 7 37
430 16 2
433 7 5
438 4 65
574 11 22
608 5 1
609 3 22
622 107 2
731 4 10
5 101 729
5 102 87
49 597 14
668 77 15
299 49 6
10 29 1199
216 2 4
42 21 9
124 31 17
302 3 318
284 62 1
637 20 109
474 142 89
1084 22 57
1182 4 17
13 28 912
18 22 5
1 24 90
139 28 1
98 6 12
159 20 157
642 9 115
760 3 4
325 22 10
786 10 76
668 29 18
892 16 10
183 3 9
7 6 16
3 5 1
5 3 1
2 1 2
8 4 1
7 2 2
5 2 1
9 54 1136
37 49 166
403 7 5
418 21 135
254 131 13
337 9 29
294 12 8
332 37 276
929 184 23
15 17 779
52 2 10
59 24 4
90 2 13
103 12 34
192 9 9
217 16 10
95 3 8
28 19 205
101 56 9
505 7 7
520 5 62
478 103 5
657 21 30
567 51 8
9 40 2040
424 24 8
400 24 216
1168 24 48
1224 16 568
1816 40 72
1992 32 16
2008 40 8
2016 24 24
7 49 569
41 34 24
76 29 16
57 38 140
472 42 3
514 49 1
311 27 42
5 192 3882
186 102 48
168 90 768
3570 174 6
3390 186 102
6 90 745
77 81 32
51 70 17
99 80 109
624 50 36
360 118 31
6 5 142
4 5 1
2 4 11
132 3 2
85 9 1
135 6 1
16 176 1728
96 128 32
64 48 112
320 32 128
464 64 112
400 208 16
480 224 48
832 160 80
784 160 112
1056 80 144
1216 48 64
400 80 32
1312 160 16
1344 64 16
1440 32 32
1536 80 128
8 3 797
2 3 1
3 3 2
3 2 1
3 3 2
8 3 311
677 2 75
373 47 1
12 4 449
1 4 70
69 54 1
119 3 27
197 4 1
198 2 1
200 2 1
201 4 1
106 3 46
247 169 1
417 4 50
540 4 1
4 19 46
11 17 5
1 15 1
16 15 14
4 42 2943
179 1 2
113 34 30
135 21 32
11 18 1592
10 16 176
184 274 18
564 14 456
80 28 14
274 42 18
214 22 10
8 2 12
496 4 2
520 10 358
412 106 14
2 136 3815
924 3 93
12 24 263
1 24 1
4 13 1
6 19 1
8 16 27
24 92 10
136 13 1
92 25 12
158 17 72
216 76 5
300 9 4
310 10 13
5 57 3851
27 45 1
24 26 6
176 47 21
142 103 12
11 175 3240
60 155 70
160 160 750
755 100 85
1295 80 20
300 175 30
1450 165 35
1600 95 2420
3890 425 65
645 135 5
4450 115 140
16 17 127
15 13 3
14 7 2
15 13 6
42 6 1
5 5 3
48 14 11
63 12 9
19 5 4
82 5 12
94 12 2
78 9 7
103 17 3
106 15 5
118 6 1
119 2 7
6 14 584
29 5 6
35 13 3
41 3 177
208 367 3
580 11 4
3 183 849
129 83 204
182 607 60
3 124 1034
190 4 180
548 117 12
8 42 3374
238 4 8
258 20 48
270 348 16
652 14 2
572 20 296
680 270 28
1092 18 2
10 47 1258
31 36 17
312 16 4
320 38 44
881 45 2
889 17 2
574 11 81
1029 33 2
959 38 8
708 107 15
9 11 466
19 2 2
17 6 1
14 10 1
26 10 70
140 10 28
424 2 23
456 5 2
458 10 8
16 19 3225
11 11 27
35 15 7
57 8 1
25 17 181
228 272 18
535 11 14
553 8 47
585 234 5
570 16 25
905 5 4
915 12 8
892 5 99
1033 13 4
1054 6 2
608 18 11
8 22 1547
1 23 15
8 4 88
92 428 26
652 14 16
466 7 25
897 16 13
619 27 10
5 21 2270
7 17 7
14 18 18
27 14 14
43 8 14
12 60 4550
25 55 15
20 55 550
745 45 10
455 80 15
825 25 15
405 5 35
775 20 2115
3835 15 35
3890 45 550
4530 40 5
4540 10 10
15 4 818
3 2 1
5 4 1
3 2 1
4 4 7
187 3 7
256 4 2
186 2 7
301 4 66
303 6 75
579 3 21
20 6 2
605 2 43
812 3 1
815 3 3
13 25 145
23 21 5
15 16 10
41 9 1
48 24 6
56 18 3
36 27 3
42 15 11
63 20 1
59 25 7
68 23 8
31 23 6
97 27 7
7 38 892
23 18 3
26 24 290
481 20 21
182 43 47
639 37 202
881 32 11
15 35 1487
142 2 1
153 8 15
141 45 178
381 25 9
364 37 26
427 27 7
153 41 47
609 13 79
69 60 2
491 30 170
910 5 17
927 13 4
933 16 61
985 207 20
4 202 1228
510 8 190
534 374 90
166 150 162
4 79 460
65 68 16
79 45 125
149 74 3
6 86 546
35 52 123
290 78 17
318 42 287
271 160 10
291 54 71
11 17 62
4 14 15
7 6 1
5 5 2
16 6 8
35 2 2
38 11 1
14 13 7
53 3 2
19 12 1
41 3 6
15 7 673
3 7 2
2 6 3
10 2 5
18 4 54
24 21 32
58 55 94
280 5 3
285 6 47
277 54 1
387 2 6
86 75 76
152 5 88
668 5 1
118 8 3
6 280 756
126 259 35
322 196 91
441 217 42
273 84 35
595 35 133
8 31 905
126 4 21
143 136 22
163 59 1
574 6 120
718 27 59
805 15 2
830 2 5
14 22 669
41 4 19
90 10 20
190 21 3
102 18 7
224 16 4
239 10 36
343 18 8
364 11 7
371 18 1
376 5 11
388 18 107
636 20 14
666 4 3
14 22 483
60 5 1
81 16 3
58 13 71
212 7 17
86 3 91
166 135 1
442 22 2
429 65 10
507 9 1
120 4 9
399 12 7
384 133 47
407 90 2
12 23 508
53 3 74
127 11 2
133 22 126
270 23 22
306 6 13
326 19 55
244 43 4
254 30 13
429 192 8
497 43 1
601 10 18
16 108 2564
56 96 12
36 56 612
660 972 76
548 132 40
1824 44 188
2084 104 48
2168 72 20
2188 72 56
2248 8 4
532 88 12
588 116 36
164 48 344
3616 32 8
2220 108 60
3720 24 64
2 195 3790
115 119 92
15 5 43
2 5 2
4 4 2
7 4 4
7 4 1
12 4 2
14 4 1
15 4 1
11 6 1
7 6 2
16 1 1
24 3 2
27 5 3
26 4 3
24 5 5
5 56 122
39 40 2
30 19 7
33 31 14
84 46 33
14 14 101
6 13 1
16 7 5
25 10 2
7 4 1
19 17 1
44 4 2
47 7 7
55 7 1
48 10 2
53 11 9
73 11 8
86 13 8
68 15 3
14 35 1144
93 5 15
117 23 7
129 32 15
144 22 198
336 101 17
454 10 70
508 52 1
567 25 7
580 23 101
748 11 23
36 3 101
921 29 13
890 16 35
14 10 726
36 4 2
28 5 1
42 3 1
25 6 1
27 9 1
17 10 2
50 3 3
29 6 4
9 6 4
64 7 59
113 546 2
661 10 8
521 49 9
11 23 875
6 22 4
6 17 7
20 24 7
58 9 7
75 4 177
248 510 2
216 17 3
568 15 27
715 35 31
726 18 23
11 18 701
5 14 3
16 6 25
111 5 2
61 20 162
194 75 59
118 14 2
415 10 3
418 12 12
201 18 82
500 188 13
7 46 1036
264 4 1
128 20 330
190 184 4
673 19 16
113 11 167
815 98 25
9 7 792
46 5 3
52 4 201
280 3 2
285 3 2
239 4 181
467 184 1
694 2 21
327 77 3
13 29 848
3 27 9
3 1 3
167 25 116
290 3 43
332 111 55
130 7 11
529 27 12
541 18 143
80 25 1
711 28 58
798 2 13
263 20 25
8 265 3310
260 265 10
175 300 115
410 790 15
1365 220 25
545 290 70
1315 230 105
1720 120 245
13 32 848
25 10 2
12 17 39
56 109 4
189 19 7
134 44 66
303 4 3
313 8 11
331 18 140
201 126 26
104 25 26
659 24 111
511 63 22
7 27 115
21 22 8
20 13 1
44 9 1
18 43 19
63 20 6
37 28 12
3 2040 2516
68 2108 68
1428 1020 612
13 14 651
7 11 32
162 12 4
187 6 4
48 4 4
42 18 5
209 5 1
218 12 104
482 14 3
487 2 71
576 6 1
323 23 3
372 14 7
7 25 483
21 11 3
10 7 23
27 303 14
427 17 4
445 6 1
336 32 19
14 41 1385
34 28 4
30 19 35
34 27 45
133 14 3
143 38 88
169 32 24
127 46 14
285 10 4
250 67 488
857 20 40
907 20 11
926 41 7
965 35 4
14 3 798
126 5 1
127 2 1
38 3 128
255 153 1
410 3 1
382 1 2
413 3 1
415 3 1
417 2 159
679 2 1
384 1 84
530 33 1
796 2 2
15 14 975
67 3 4
53 9 27
84 36 2
130 7 26
145 60 11
126 10 5
225 5 31
253 116 5
270 13 2
376 2 4
380 2 2
217 1 6
337 5 426
972 13 3
16 3 1284
1 4 1
1 2 41
242 2 11
134 58 4
314 2 1
316 2 2
318 3 1
319 2 87
136 89 109
656 2 28
215 52 1
553 2 35
786 2 1
787 3 1
788 2 1
4 7 739
306 5 1
202 3 180
484 252 3
16 54 1950
278 4 12
172 66 4
322 44 10
332 6 20
362 8 2
58 54 754
1420 28 188
1608 52 4
1616 20 44
1662 22 30
1780 6 30
1882 10 10
1912 32 6
332 34 6
1940 28 10
9 18 647
109 4 114
205 339 1
187 20 1
552 2 18
592 3 6
598 8 8
614 7 4
562 4 16
9 8 512
4 5 117
184 6 16
213 3 1
179 9 20
243 5 68
347 7 23
383 3 5
504 6 8
9 7 28
2 7 2
4 6 1
2 3 3
5 4 1
11 3 1
16 6 2
6 2 1
2 2 5
2 175 2976
1 176 48
7 10 581
57 3 34
166 10 2
15 12 1
179 7 3
113 15 401
281 153 3
4 71 3864
14 67 11
14 48 3
84 12 21
8 35 510
5 34 7
7 9 128
79 57 17
215 22 21
244 28 344
564 116 9
735 23 2
3 171 425
152 80 41
53 154 106
2 77 105
51 60 6
